0.5000 0.4989 0.4998 0.5009 0.4987 0.5010 0.4996 0.4993 0.4993 0.4979 0.4999 0.4988 0.4983 0.5000 0.4994 0.4996 0.5001 0.5002 0.4996 0.4997 
0.4996 0.4997 0.4991 0.4987 0.4989 0.5005 0.5000 0.5009 0.5012 0.4992 0.4989 0.4981 0.4998 0.5007 0.5015 0.5001 0.4995 0.5002 0.4992 0.5001 
0.4999 0.4988 0.4997 0.5005 0.5014 0.5006 0.5019 0.4993 0.5002 0.4998 0.5001 0.4989 0.4999 0.4997 0.4996 0.4996 0.4997 0.5000 0.5013 0.4996 
0.5000 0.4984 0.5002 0.5001 0.4994 0.5004 0.4997 0.4997 0.4989 0.5009 0.4991 0.5001 0.5001 0.5007 0.5007 0.4986 0.5013 0.5006 0.4991 0.4990 
0.4996 0.4995 0.5010 0.5010 0.5002 0.5010 0.5001 0.5013 0.5012 0.4987 0.5008 0.5004 0.4998 0.5008 0.4995 0.4994 0.5006 0.4999 0.5001 0.5011 
0.4995 0.5002 0.5008 0.4988 0.5001 0.4998 0.5005 0.5003 0.5000 0.4992 0.5009 0.5015 0.5005 0.5008 0.5000 0.4996 0.5002 0.4984 0.5017 0.5009 
0.4982 0.4987 0.5006 0.4998 0.5000 0.4984 0.5001 0.5002 0.5006 0.4985 0.5010 0.4989 0.5001 0.5015 0.5013 0.5004 0.5011 0.4988 0.5008 0.5009 
0.4990 0.5001 0.5029 0.5010 0.5012 0.5006 0.4988 0.4981 0.4999 0.4990 0.4986 0.4999 0.5004 0.5023 0.4995 0.5001 0.5026 0.4990 0.5003 0.4997 
0.5013 0.5001 0.5013 0.5004 0.5008 0.4983 0.4993 0.4987 0.4985 0.5009 0.5010 0.4999 0.4990 0.5010 0.5018 0.5007 0.4992 0.4996 0.5007 0.5001 
0.5010 0.4990 0.5015 0.4997 0.4993 0.4988 0.5009 0.4997 0.4997 0.4996 0.4990 0.4993 0.4999 0.5022 0.4996 0.5008 0.4991 0.5009 0.5009 0.5007 
0.5004 0.4982 0.4999 0.5006 0.4982 0.4996 0.5012 0.5000 0.5014 0.4997 0.5012 0.5002 0.5007 0.4986 0.4985 0.5005 0.4996 0.4982 0.4995 0.4996 
0.4991 0.4988 0.5002 0.5003 0.4992 0.5013 0.4995 0.4980 0.5000 0.5008 0.4981 0.5019 0.4997 0.4992 0.5003 0.4995 0.5009 0.5013 0.5004 0.5000 
0.4983 0.4992 0.5000 0.4980 0.4989 0.5001 0.4988 0.4992 0.5003 0.5002 0.5001 0.5024 0.5007 0.4993 0.5000 0.5012 0.5018 0.5007 0.4992 0.5007 
0.5006 0.5005 0.4999 0.4998 0.5001 0.4994 0.5006 0.4999 0.5013 0.5007 0.5002 0.5013 0.5009 0.5003 0.4991 0.5013 0.4999 0.4996 0.5000 0.5011 
0.5001 0.4989 0.4997 0.4992 0.4997 0.4987 0.5004 0.4997 0.4991 0.4994 0.5013 0.4988 0.5005 0.5002 0.4988 0.5000 0.4991 0.5008 0.5006 0.4999 
0.4990 0.4995 0.4995 0.5003 0.5012 0.5008 0.4996 0.4981 0.4993 0.5004 0.4989 0.5000 0.5015 0.5016 0.5002 0.5018 0.5006 0.5007 0.5006 0.4995 
0.5002 0.5005 0.5012 0.4974 0.4991 0.5014 0.5007 0.5002 0.5005 0.5012 0.4991 0.5004 0.4981 0.5001 0.5001 0.5013 0.4993 0.5005 0.5010 0.4993 
0.5003 0.5000 0.4998 0.4995 0.4993 0.4988 0.4995 0.4991 0.5000 0.5016 0.4997 0.5010 0.5005 0.5014 0.5000 0.4999 0.4998 0.4988 0.5020 0.4986 
0.4999 0.4996 0.5001 0.4986 0.5008 0.5000 0.4998 0.5014 0.5007 0.5017 0.5013 0.4995 0.4997 0.5012 0.4996 0.4999 0.4996 0.5004 0.5011 0.4994 
0.4995 0.5010 0.5017 0.5010 0.4986 0.4999 0.5003 0.5001 0.4995 0.4982 0.5012 0.5011 0.5007 0.4996 0.4987 0.5006 0.4991 0.4998 0.5012 0.5010 
0.4997 0.5004 0.4993 0.4992 0.4998 0.4987 0.5019 0.5005 0.4992 0.5000 0.5010 0.4998 0.4998 0.5008 0.5015 0.5009 0.5001 0.5005 0.5000 0.4996 
0.4993 0.4992 0.4992 0.5000 0.4984 0.4999 0.4985 0.4997 0.4991 0.5001 0.5010 0.4983 0.4993 0.4993 0.4995 0.4998 0.4991 0.4997 0.5010 0.5001 
0.4995 0.5003 0.5005 0.4982 0.4998 0.5020 0.5001 0.5002 0.5016 0.4988 0.5009 0.4997 0.5002 0.5006 0.4998 0.4994 0.5006 0.4999 0.5001 0.5006 
0.5009 0.4998 0.4990 0.5004 0.5013 0.4994 0.5005 0.5014 0.4999 0.5003 0.4999 0.4991 0.4992 0.4988 0.4998 0.5018 0.5002 0.5016 0.4991 0.4995 
0.5017 0.4986 0.4987 0.5020 0.5010 0.5002 0.5001 0.5011 0.5007 0.5008 0.5014 0.5013 0.5002 0.4987 0.5014 0.4990 0.4975 0.5004 0.5001 0.4994 
0.5001 0.5014 0.5003 0.4997 0.5001 0.4983 0.4985 0.4989 0.4989 0.5022 0.5006 0.5010 0.4997 0.4993 0.5008 0.5004 0.4996 0.4982 0.5021 0.5020 
0.4989 0.5012 0.4997 0.4994 0.4990 0.4995 0.5002 0.4986 0.5001 0.4985 0.4998 0.4990 0.5013 0.4993 0.4998 0.5004 0.4998 0.4994 0.4982 0.4996 
0.5011 0.5004 0.4988 0.5010 0.4999 0.5007 0.5002 0.4977 0.4989 0.5016 0.4998 0.4994 0.5003 0.5006 0.4993 0.5003 0.4987 0.4993 0.4994 0.5002 
0.5019 0.5006 0.4991 0.4983 0.4992 0.5015 0.5005 0.4989 0.5013 0.4992 0.5000 0.4993 0.5000 0.4993 0.4993 0.4993 0.5020 0.4980 0.5010 0.4995 
0.5006 0.5010 0.4985 0.5007 0.4997 0.4990 0.5000 0.4999 0.5003 0.5004 0.4997 0.5007 0.5003 0.5013 0.5014 0.4995 0.4997 0.5011 0.5020 0.5013 
0.5000 0.5002 0.5016 0.4989 0.4998 0.4992 0.5014 0.4987 0.4995 0.5001 0.5003 0.4996 0.4990 0.4997 0.4997 0.4988 0.4987 0.5002 0.5007 0.5005 
0.5000 0.4994 0.4983 0.4990 0.4994 0.4997 0.5002 0.5002 0.5008 0.5003 0.4986 0.5008 0.4989 0.4995 0.4993 0.5006 0.4982 0.5006 0.4992 0.4991 
0.4986 0.4991 0.4987 0.4991 0.5011 0.4998 0.4989 0.5011 0.5006 0.5003 0.4994 0.5006 0.4993 0.4992 0.4993 0.4995 0.5005 0.5009 0.4980 0.4995 
0.4985 0.5012 0.5016 0.4993 0.5008 0.5005 0.5004 0.5009 0.5007 0.5002 0.4992 0.5015 0.4990 0.4999 0.4996 0.5010 0.5012 0.5013 0.5014 0.4986 
0.5004 0.5000 0.4994 0.5002 0.4997 0.4988 0.4992 0.4990 0.4991 0.4999 0.5002 0.4990 0.4984 0.4989 0.5006 0.5009 0.4986 0.5003 0.4995 0.4991 
0.5003 0.4986 0.4986 0.4996 0.4977 0.4992 0.4987 0.4982 0.4991 0.5000 0.4997 0.5022 0.4998 0.4991 0.5007 0.5006 0.4990 0.4999 0.4988 0.4996 
0.4997 0.5021 0.5007 0.4988 0.4985 0.4993 0.5003 0.5019 0.4994 0.4998 0.4984 0.5012 0.5006 0.5009 0.5007 0.4979 0.5011 0.4999 0.4994 0.4995 
0.5011 0.5019 0.5010 0.5018 0.4995 0.4985 0.4996 0.4989 0.4989 0.4996 0.4985 0.4991 0.4999 0.5001 0.4992 0.4997 0.5000 0.4996 0.5007 0.4991 
0.5005 0.5015 0.5017 0.4995 0.5005 0.4990 0.5005 0.4983 0.4983 0.4991 0.4982 0.5005 0.5001 0.5010 0.5003 0.5007 0.4990 0.5009 0.5000 0.4993 
0.5011 0.5007 0.4998 0.5003 0.4996 0.4992 0.5002 0.4997 0.4996 0.5004 0.4995 0.4997 0.5017 0.4977 0.4992 0.4987 0.5020 0.4997 0.5016 0.5002 
0.5001 0.4988 0.4989 0.4999 0.4994 0.5021 0.4989 0.5014 0.5004 0.4997 0.4990 0.4993 0.4993 0.4986 0.5015 0.4992 0.4988 0.5000 0.5000 0.4986 
0.4995 0.5002 0.5013 0.4996 0.5009 0.4984 0.4996 0.5002 0.4976 0.5002 0.4994 0.4989 0.5012 0.5003 0.4992 0.4996 0.4986 0.4989 0.5014 0.5020 
0.5008 0.4993 0.5003 0.4995 0.4993 0.5010 0.5020 0.5003 0.5010 0.4993 0.4997 0.4997 0.5013 0.4996 0.5000 0.5006 0.4996 0.4991 0.4998 0.4993 
0.4995 0.5009 0.4999 0.5008 0.4986 0.4999 0.4988 0.5000 0.4988 0.5003 0.5008 0.4996 0.5002 0.5009 0.5007 0.5000 0.4983 0.4996 0.4980 0.4996 
0.5009 0.5005 0.5024 0.4998 0.5007 0.5001 0.4991 0.5000 0.4994 0.4991 0.4994 0.4998 0.5026 0.4995 0.4993 0.4993 0.5000 0.5011 0.4988 0.4975 
0.4999 0.5010 0.4976 0.5008 0.5013 0.5002 0.4980 0.5000 0.5006 0.5008 0.5007 0.5007 0.5011 0.4988 0.5010 0.4982 0.5001 0.5003 0.5011 0.4990 
0.5002 0.5013 0.5004 0.5008 0.5000 0.4994 0.5010 0.5006 0.5011 0.4995 0.5001 0.5010 0.4989 0.5006 0.5005 0.5016 0.5020 0.5013 0.4989 0.4984 
0.4987 0.5007 0.4995 0.4989 0.4998 0.4999 0.4986 0.5000 0.4989 0.4992 0.5009 0.4995 0.4993 0.5015 0.5010 0.5004 0.5003 0.4991 0.4993 0.5008 
0.5001 0.4995 0.5021 0.4994 0.4993 0.4995 0.4976 0.5005 0.5011 0.5005 0.4988 0.4988 0.5009 0.4994 0.5012 0.4989 0.5005 0.4990 0.4995 0.4993 
0.5013 0.5008 0.5002 0.5013 0.4990 0.4983 0.5004 0.5001 0.5001 0.4991 0.5007 0.5005 0.4987 0.5000 0.5012 0.4999 0.5020 0.5001 0.4998 0.4987 
